/* GENERATED by Mote Studio (img2tex) from games/wolfmote/assets/lampglow.png. */
#ifndef MOTE_IMG_lampglow_H
#define MOTE_IMG_lampglow_H
#include "mote_2d.h"

static const uint16_t lampglow_pal[31] = {0xf81f,0x0000,0x0020,0x0840,0x1060,0x1080,0x10a0,0x18c1,0x20e1,0x18a1,0x2101,0x2921,0x2941,0x3162,0x3182,0x3982,0x39c2,0x41c2,0x39a2,0x4202,0x4a23,0x4a03,0x5243,0x5263,0x5283,0x5a83,0x5aa3,0x62c4,0x6ae4,0x6b24,0x7b65,};
static const uint8_t lampglow_idx[576] = {
0,0,0,0,0,0,0,0,0,0,0,0,0,0,0,0,0,0,0,0,0,0,0,0,0,0,0,0,0,0,0,0,
0,0,0,0,0,0,0,0,0,0,0,0,0,0,0,0,0,0,0,0,0,0,0,0,1,2,3,3,3,3,3,2,
1,0,0,0,0,0,0,0,0,0,0,0,0,0,1,2,3,4,5,5,5,5,5,4,3,2,1,0,0,0,0,0,
0,0,0,0,0,1,3,4,6,7,7,8,8,8,7,7,6,4,3,1,0,0,0,0,0,0,0,0,1,3,5,9,
8,10,11,11,12,11,11,10,8,9,5,3,1,0,0,0,0,0,0,1,3,5,7,8,11,12,13,14,14,14,13,12,
11,8,7,5,3,1,0,0,0,0,0,2,4,9,8,11,13,15,16,17,17,17,16,15,13,11,8,9,4,2,0,0,
0,0,1,3,6,8,11,13,18,17,19,20,20,20,19,17,18,13,11,8,6,3,1,0,0,0,2,4,7,10,12,15,
17,21,22,23,24,23,22,21,17,15,12,10,7,4,2,0,0,0,3,5,7,11,13,16,19,22,25,26,27,26,25,22,
19,16,13,11,7,5,3,0,0,0,3,5,8,11,14,17,20,23,26,28,29,28,26,23,20,17,14,11,8,5,3,0,
0,0,3,5,8,12,14,17,20,24,27,29,30,29,27,24,20,17,14,12,8,5,3,0,0,0,3,5,8,11,14,17,
20,23,26,28,29,28,26,23,20,17,14,11,8,5,3,0,0,0,3,5,7,11,13,16,19,22,25,26,27,26,25,22,
19,16,13,11,7,5,3,0,0,0,2,4,7,10,12,15,17,21,22,23,24,23,22,21,17,15,12,10,7,4,2,0,
0,0,1,3,6,8,11,13,18,17,19,20,20,20,19,17,18,13,11,8,6,3,1,0,0,0,0,2,4,9,8,11,
13,15,16,17,17,17,16,15,13,11,8,9,4,2,0,0,0,0,0,1,3,5,7,8,11,12,13,14,14,14,13,12,
11,8,7,5,3,1,0,0,0,0,0,0,1,3,5,9,8,10,11,11,12,11,11,10,8,9,5,3,1,0,0,0,
0,0,0,0,0,1,3,4,6,7,7,8,8,8,7,7,6,4,3,1,0,0,0,0,0,0,0,0,0,0,1,2,
3,4,5,5,5,5,5,4,3,2,1,0,0,0,0,0,0,0,0,0,0,0,0,0,1,2,3,3,3,3,3,2,
1,0,0,0,0,0,0,0,0,0,0,0,0,0,0,0,0,0,0,0,0,0,0,0,0,0,0,0,0,0,0,0,

};
static const MoteImage lampglow_img = { 0, 24, 24, 0xF81F, 0, 2, lampglow_idx, lampglow_pal };  /* 8bpp indexed, 31 colours */
#define lampglow_W 24
#define lampglow_H 24

#endif
