/* GENERATED by mote bake (img2tex) from lampglow.png — do not edit. */
#ifndef MOTE_IMG_lampglow_H
#define MOTE_IMG_lampglow_H
#include "mote_2d.h"

static const uint16_t lampglow_pal[31] = { 0x0000,0x0020,0x0840,0x1060,0x1080,0x10a0,0x18a1,0x18c1,0x20e1,0x2101,0x2921,0x2941,0x3162,0x3182,0x3982,0x39a2,0x39c2,0x41c2,0x4202,0x4a03,0x4a23,0x5243,0x5263,0x5283,0x5a83,0x5aa3,0x62c4,0x6ae4,0x6b24,0x7b65,0xf81f };
static const uint8_t lampglow_idx[576] = {
  30,30,30,30,30,30,30,30,30,30,30,30,30,30,30,30,30,30,30,30,30,30,30,30,30,30,30,30,30,30,30,30,
  30,30,30,30,30,30,30,30,30,30,30,30,30,30,30,30,30,30,30,30,30,30,30,30,0,1,2,2,2,2,2,1,
  0,30,30,30,30,30,30,30,30,30,30,30,30,30,0,1,2,3,4,4,4,4,4,3,2,1,0,30,30,30,30,30,
  30,30,30,30,30,0,2,3,5,7,7,8,8,8,7,7,5,3,2,0,30,30,30,30,30,30,30,30,0,2,4,6,
  8,9,10,10,11,10,10,9,8,6,4,2,0,30,30,30,30,30,30,0,2,4,7,8,10,11,12,13,13,13,12,11,
  10,8,7,4,2,0,30,30,30,30,30,1,3,6,8,10,12,14,16,17,17,17,16,14,12,10,8,6,3,1,30,30,
  30,30,0,2,5,8,10,12,15,17,18,20,20,20,18,17,15,12,10,8,5,2,0,30,30,30,1,3,7,9,11,14,
  17,19,21,22,23,22,21,19,17,14,11,9,7,3,1,30,30,30,2,4,7,10,12,16,18,21,24,25,26,25,24,21,
  18,16,12,10,7,4,2,30,30,30,2,4,8,10,13,17,20,22,25,27,28,27,25,22,20,17,13,10,8,4,2,30,
  30,30,2,4,8,11,13,17,20,23,26,28,29,28,26,23,20,17,13,11,8,4,2,30,30,30,2,4,8,10,13,17,
  20,22,25,27,28,27,25,22,20,17,13,10,8,4,2,30,30,30,2,4,7,10,12,16,18,21,24,25,26,25,24,21,
  18,16,12,10,7,4,2,30,30,30,1,3,7,9,11,14,17,19,21,22,23,22,21,19,17,14,11,9,7,3,1,30,
  30,30,0,2,5,8,10,12,15,17,18,20,20,20,18,17,15,12,10,8,5,2,0,30,30,30,30,1,3,6,8,10,
  12,14,16,17,17,17,16,14,12,10,8,6,3,1,30,30,30,30,30,0,2,4,7,8,10,11,12,13,13,13,12,11,
  10,8,7,4,2,0,30,30,30,30,30,30,0,2,4,6,8,9,10,10,11,10,10,9,8,6,4,2,0,30,30,30,
  30,30,30,30,30,0,2,3,5,7,7,8,8,8,7,7,5,3,2,0,30,30,30,30,30,30,30,30,30,30,0,1,
  2,3,4,4,4,4,4,3,2,1,0,30,30,30,30,30,30,30,30,30,30,30,30,30,0,1,2,2,2,2,2,1,
  0,30,30,30,30,30,30,30,30,30,30,30,30,30,30,30,30,30,30,30,30,30,30,30,30,30,30,30,30,30,30,30,
};
static const MoteImage lampglow_img = { 0, 24, 24, 0xF81F, 0, 2, lampglow_idx, lampglow_pal };  /* 8bpp indexed, 31 colours */
#define lampglow_W 24
#define lampglow_H 24

#endif